referrer,views_total,views_unique
github.com,57,2
Google,43,3
neuroimagingchart.com,1,1
